{
 "cells": [
  {
   "cell_type": "markdown",
   "id": "f72fe9ba",
   "metadata": {},
   "source": [
    "## Fake News Analysis"
   ]
  },
  {
   "cell_type": "markdown",
   "id": "8cd4470d",
   "metadata": {},
   "source": [
    "##### Importing Necessary Packages"
   ]
  },
  {
   "cell_type": "code",
   "execution_count": 18,
   "id": "a72734d3",
   "metadata": {},
   "outputs": [],
   "source": [
    "import numpy as np\n",
    "import pandas as pd\n",
    "from sklearn.model_selection import train_test_split\n",
    "from sklearn.linear_model import LogisticRegression\n",
    "from sklearn.metrics import accuracy_score\n",
    "import nltk\n",
    "from nltk.tokenize import word_tokenize\n",
    "from nltk.sentiment import SentimentIntensityAnalyzer\n",
    "from tqdm.notebook import tqdm"
   ]
  },
  {
   "cell_type": "markdown",
   "id": "78f46743",
   "metadata": {},
   "source": [
    "##### Loading the Dataset"
   ]
  },
  {
   "cell_type": "code",
   "execution_count": 19,
   "id": "7116c21a",
   "metadata": {},
   "outputs": [],
   "source": [
    "data = pd.read_csv('data/train.csv')"
   ]
  },
  {
   "cell_type": "markdown",
   "id": "9659d562",
   "metadata": {},
   "source": [
    "##### Basic EDA"
   ]
  },
  {
   "cell_type": "code",
   "execution_count": 20,
   "id": "bbd14a3c",
   "metadata": {},
   "outputs": [
    {
     "data": {
      "text/html": [
       "<div>\n",
       "<style scoped>\n",
       "    .dataframe tbody tr th:only-of-type {\n",
       "        vertical-align: middle;\n",
       "    }\n",
       "\n",
       "    .dataframe tbody tr th {\n",
       "        vertical-align: top;\n",
       "    }\n",
       "\n",
       "    .dataframe thead th {\n",
       "        text-align: right;\n",
       "    }\n",
       "</style>\n",
       "<table border=\"1\" class=\"dataframe\">\n",
       "  <thead>\n",
       "    <tr style=\"text-align: right;\">\n",
       "      <th></th>\n",
       "      <th>label</th>\n",
       "      <th>text</th>\n",
       "    </tr>\n",
       "  </thead>\n",
       "  <tbody>\n",
       "    <tr>\n",
       "      <th>0</th>\n",
       "      <td>0</td>\n",
       "      <td>democrat hillary clinton saturday receive firs...</td>\n",
       "    </tr>\n",
       "    <tr>\n",
       "      <th>1</th>\n",
       "      <td>1</td>\n",
       "      <td>former white house chief strategist stephen k....</td>\n",
       "    </tr>\n",
       "    <tr>\n",
       "      <th>2</th>\n",
       "      <td>1</td>\n",
       "      <td>dr. abdul el-sayed liberal democrat would like...</td>\n",
       "    </tr>\n",
       "    <tr>\n",
       "      <th>3</th>\n",
       "      <td>0</td>\n",
       "      <td>manila across asia countries pull beijing orbi...</td>\n",
       "    </tr>\n",
       "    <tr>\n",
       "      <th>4</th>\n",
       "      <td>1</td>\n",
       "      <td>clinton lynch talk grandkids top secret transc...</td>\n",
       "    </tr>\n",
       "  </tbody>\n",
       "</table>\n",
       "</div>"
      ],
      "text/plain": [
       "   label                                               text\n",
       "0      0  democrat hillary clinton saturday receive firs...\n",
       "1      1  former white house chief strategist stephen k....\n",
       "2      1  dr. abdul el-sayed liberal democrat would like...\n",
       "3      0  manila across asia countries pull beijing orbi...\n",
       "4      1  clinton lynch talk grandkids top secret transc..."
      ]
     },
     "execution_count": 20,
     "metadata": {},
     "output_type": "execute_result"
    }
   ],
   "source": [
    "data.head()"
   ]
  },
  {
   "cell_type": "code",
   "execution_count": 21,
   "id": "a679f760",
   "metadata": {},
   "outputs": [
    {
     "data": {
      "text/html": [
       "<div>\n",
       "<style scoped>\n",
       "    .dataframe tbody tr th:only-of-type {\n",
       "        vertical-align: middle;\n",
       "    }\n",
       "\n",
       "    .dataframe tbody tr th {\n",
       "        vertical-align: top;\n",
       "    }\n",
       "\n",
       "    .dataframe thead th {\n",
       "        text-align: right;\n",
       "    }\n",
       "</style>\n",
       "<table border=\"1\" class=\"dataframe\">\n",
       "  <thead>\n",
       "    <tr style=\"text-align: right;\">\n",
       "      <th></th>\n",
       "      <th>text</th>\n",
       "      <th>label</th>\n",
       "    </tr>\n",
       "  </thead>\n",
       "  <tbody>\n",
       "    <tr>\n",
       "      <th>0</th>\n",
       "      <td>democrat hillary clinton saturday receive firs...</td>\n",
       "      <td>0</td>\n",
       "    </tr>\n",
       "    <tr>\n",
       "      <th>1</th>\n",
       "      <td>former white house chief strategist stephen k....</td>\n",
       "      <td>1</td>\n",
       "    </tr>\n",
       "    <tr>\n",
       "      <th>2</th>\n",
       "      <td>dr. abdul el-sayed liberal democrat would like...</td>\n",
       "      <td>1</td>\n",
       "    </tr>\n",
       "    <tr>\n",
       "      <th>3</th>\n",
       "      <td>manila across asia countries pull beijing orbi...</td>\n",
       "      <td>0</td>\n",
       "    </tr>\n",
       "    <tr>\n",
       "      <th>4</th>\n",
       "      <td>clinton lynch talk grandkids top secret transc...</td>\n",
       "      <td>1</td>\n",
       "    </tr>\n",
       "  </tbody>\n",
       "</table>\n",
       "</div>"
      ],
      "text/plain": [
       "                                                text  label\n",
       "0  democrat hillary clinton saturday receive firs...      0\n",
       "1  former white house chief strategist stephen k....      1\n",
       "2  dr. abdul el-sayed liberal democrat would like...      1\n",
       "3  manila across asia countries pull beijing orbi...      0\n",
       "4  clinton lynch talk grandkids top secret transc...      1"
      ]
     },
     "execution_count": 21,
     "metadata": {},
     "output_type": "execute_result"
    }
   ],
   "source": [
    "data[['text', 'label']].head()"
   ]
  },
  {
   "cell_type": "code",
   "execution_count": 22,
   "id": "aceb765c",
   "metadata": {},
   "outputs": [
    {
     "data": {
      "text/plain": [
       "(10612, 2)"
      ]
     },
     "execution_count": 22,
     "metadata": {},
     "output_type": "execute_result"
    }
   ],
   "source": [
    "data.shape"
   ]
  },
  {
   "cell_type": "code",
   "execution_count": 23,
   "id": "ce9a4f0e",
   "metadata": {},
   "outputs": [
    {
     "data": {
      "text/html": [
       "<div>\n",
       "<style scoped>\n",
       "    .dataframe tbody tr th:only-of-type {\n",
       "        vertical-align: middle;\n",
       "    }\n",
       "\n",
       "    .dataframe tbody tr th {\n",
       "        vertical-align: top;\n",
       "    }\n",
       "\n",
       "    .dataframe thead th {\n",
       "        text-align: right;\n",
       "    }\n",
       "</style>\n",
       "<table border=\"1\" class=\"dataframe\">\n",
       "  <thead>\n",
       "    <tr style=\"text-align: right;\">\n",
       "      <th></th>\n",
       "      <th>label</th>\n",
       "    </tr>\n",
       "  </thead>\n",
       "  <tbody>\n",
       "    <tr>\n",
       "      <th>count</th>\n",
       "      <td>10612.000000</td>\n",
       "    </tr>\n",
       "    <tr>\n",
       "      <th>mean</th>\n",
       "      <td>0.534301</td>\n",
       "    </tr>\n",
       "    <tr>\n",
       "      <th>std</th>\n",
       "      <td>0.498846</td>\n",
       "    </tr>\n",
       "    <tr>\n",
       "      <th>min</th>\n",
       "      <td>0.000000</td>\n",
       "    </tr>\n",
       "    <tr>\n",
       "      <th>25%</th>\n",
       "      <td>0.000000</td>\n",
       "    </tr>\n",
       "    <tr>\n",
       "      <th>50%</th>\n",
       "      <td>1.000000</td>\n",
       "    </tr>\n",
       "    <tr>\n",
       "      <th>75%</th>\n",
       "      <td>1.000000</td>\n",
       "    </tr>\n",
       "    <tr>\n",
       "      <th>max</th>\n",
       "      <td>1.000000</td>\n",
       "    </tr>\n",
       "  </tbody>\n",
       "</table>\n",
       "</div>"
      ],
      "text/plain": [
       "              label\n",
       "count  10612.000000\n",
       "mean       0.534301\n",
       "std        0.498846\n",
       "min        0.000000\n",
       "25%        0.000000\n",
       "50%        1.000000\n",
       "75%        1.000000\n",
       "max        1.000000"
      ]
     },
     "execution_count": 23,
     "metadata": {},
     "output_type": "execute_result"
    }
   ],
   "source": [
    "data.describe()"
   ]
  },
  {
   "cell_type": "code",
   "execution_count": 24,
   "id": "5e24c1f8",
   "metadata": {},
   "outputs": [
    {
     "name": "stdout",
     "output_type": "stream",
     "text": [
      "<class 'pandas.core.frame.DataFrame'>\n",
      "RangeIndex: 10612 entries, 0 to 10611\n",
      "Data columns (total 2 columns):\n",
      " #   Column  Non-Null Count  Dtype \n",
      "---  ------  --------------  ----- \n",
      " 0   label   10612 non-null  int64 \n",
      " 1   text    10612 non-null  object\n",
      "dtypes: int64(1), object(1)\n",
      "memory usage: 165.9+ KB\n"
     ]
    }
   ],
   "source": [
    "data.info()"
   ]
  },
  {
   "cell_type": "code",
   "execution_count": 25,
   "id": "d5340d65",
   "metadata": {},
   "outputs": [
    {
     "data": {
      "text/plain": [
       "label\n",
       "1    5670\n",
       "0    4942\n",
       "Name: count, dtype: int64"
      ]
     },
     "execution_count": 25,
     "metadata": {},
     "output_type": "execute_result"
    }
   ],
   "source": [
    "data['label'].value_counts()"
   ]
  },
  {
   "cell_type": "code",
   "execution_count": 26,
   "id": "f3a41cc5",
   "metadata": {},
   "outputs": [
    {
     "data": {
      "text/plain": [
       "label    0\n",
       "text     0\n",
       "dtype: int64"
      ]
     },
     "execution_count": 26,
     "metadata": {},
     "output_type": "execute_result"
    }
   ],
   "source": [
    "data.isnull().sum()"
   ]
  },
  {
   "cell_type": "markdown",
   "id": "0e8e135a",
   "metadata": {},
   "source": [
    "##### Natural Language Toolkit"
   ]
  },
  {
   "cell_type": "code",
   "execution_count": 27,
   "id": "28d57ffc",
   "metadata": {},
   "outputs": [],
   "source": [
    "news_data = data['text']"
   ]
  },
  {
   "cell_type": "code",
   "execution_count": 28,
   "id": "700d72a0",
   "metadata": {},
   "outputs": [
    {
     "data": {
      "text/plain": [
       "0        democrat hillary clinton saturday receive firs...\n",
       "1        former white house chief strategist stephen k....\n",
       "2        dr. abdul el-sayed liberal democrat would like...\n",
       "3        manila across asia countries pull beijing orbi...\n",
       "4        clinton lynch talk grandkids top secret transc...\n",
       "                               ...                        \n",
       "10607    rio de janeiro hundreds brazilian soldier pour...\n",
       "10608    proof positive delusional leader get ego size ...\n",
       "10609    anyone follow election easily see donald trump...\n",
       "10610    barack obama bother court always law already p...\n",
       "10611    case could far-reaching consequences outcome f...\n",
       "Name: text, Length: 10612, dtype: object"
      ]
     },
     "execution_count": 28,
     "metadata": {},
     "output_type": "execute_result"
    }
   ],
   "source": [
    "news_data"
   ]
  },
  {
   "cell_type": "code",
   "execution_count": 29,
   "id": "502a7739",
   "metadata": {},
   "outputs": [],
   "source": [
    "tokens = []\n",
    "for news in news_data:\n",
    "    tokens.append(word_tokenize(news))"
   ]
  },
  {
   "cell_type": "code",
   "execution_count": 30,
   "id": "3a68bcf2",
   "metadata": {},
   "outputs": [
    {
     "data": {
      "text/plain": [
       "10612"
      ]
     },
     "execution_count": 30,
     "metadata": {},
     "output_type": "execute_result"
    }
   ],
   "source": [
    "len(tokens)"
   ]
  },
  {
   "cell_type": "code",
   "execution_count": 31,
   "id": "3f0ccd5a",
   "metadata": {},
   "outputs": [],
   "source": [
    "sia = SentimentIntensityAnalyzer()"
   ]
  },
  {
   "cell_type": "code",
   "execution_count": 35,
   "id": "794b24a5",
   "metadata": {},
   "outputs": [
    {
     "data": {
      "application/vnd.jupyter.widget-view+json": {
       "model_id": "789366705c7e44abbc453f8590cf10c9",
       "version_major": 2,
       "version_minor": 0
      },
      "text/plain": [
       "  0%|          | 0/10612 [00:00<?, ?it/s]"
      ]
     },
     "metadata": {},
     "output_type": "display_data"
    }
   ],
   "source": [
    "res = {}\n",
    "for i, row in tqdm(data.iterrows(), total = len(data)):\n",
    "    text = row['text']\n",
    "    res[i] = sia.polarity_scores(text)"
   ]
  },
  {
   "cell_type": "code",
   "execution_count": 36,
   "id": "6f749510",
   "metadata": {},
   "outputs": [
    {
     "data": {
      "text/plain": [
       "{0: {'neg': 0.083, 'neu': 0.772, 'pos': 0.144, 'compound': 0.6249},\n",
       " 1: {'neg': 0.139, 'neu': 0.749, 'pos': 0.112, 'compound': -0.5267},\n",
       " 2: {'neg': 0.062, 'neu': 0.778, 'pos': 0.161, 'compound': 0.9823},\n",
       " 3: {'neg': 0.113, 'neu': 0.77, 'pos': 0.117, 'compound': -0.5719},\n",
       " 4: {'neg': 0.086, 'neu': 0.804, 'pos': 0.11, 'compound': 0.7351},\n",
       " 5: {'neg': 0.199, 'neu': 0.723, 'pos': 0.079, 'compound': -0.991},\n",
       " 6: {'neg': 0.166, 'neu': 0.757, 'pos': 0.077, 'compound': -0.975},\n",
       " 7: {'neg': 0.0, 'neu': 0.963, 'pos': 0.037, 'compound': 0.2732},\n",
       " 8: {'neg': 0.032, 'neu': 0.827, 'pos': 0.141, 'compound': 0.93},\n",
       " 9: {'neg': 0.097, 'neu': 0.751, 'pos': 0.152, 'compound': 0.9409},\n",
       " 10: {'neg': 0.098, 'neu': 0.682, 'pos': 0.22, 'compound': 0.9652},\n",
       " 11: {'neg': 0.115, 'neu': 0.797, 'pos': 0.088, 'compound': -0.6369},\n",
       " 12: {'neg': 0.081, 'neu': 0.747, 'pos': 0.172, 'compound': 0.9747},\n",
       " 13: {'neg': 0.173, 'neu': 0.7, 'pos': 0.127, 'compound': -0.1235},\n",
       " 14: {'neg': 0.058, 'neu': 0.881, 'pos': 0.061, 'compound': -0.2023},\n",
       " 15: {'neg': 0.204, 'neu': 0.697, 'pos': 0.098, 'compound': -0.9866},\n",
       " 16: {'neg': 0.116, 'neu': 0.767, 'pos': 0.117, 'compound': 0.0258},\n",
       " 17: {'neg': 0.057, 'neu': 0.772, 'pos': 0.171, 'compound': 0.9947},\n",
       " 18: {'neg': 0.071, 'neu': 0.785, 'pos': 0.144, 'compound': 0.9843},\n",
       " 19: {'neg': 0.312, 'neu': 0.584, 'pos': 0.104, 'compound': -0.9984},\n",
       " 20: {'neg': 0.228, 'neu': 0.728, 'pos': 0.044, 'compound': -0.9924},\n",
       " 21: {'neg': 0.181, 'neu': 0.737, 'pos': 0.082, 'compound': -0.9957},\n",
       " 22: {'neg': 0.1, 'neu': 0.831, 'pos': 0.068, 'compound': -0.6369},\n",
       " 23: {'neg': 0.149, 'neu': 0.742, 'pos': 0.109, 'compound': -0.9352},\n",
       " 24: {'neg': 0.071, 'neu': 0.799, 'pos': 0.13, 'compound': 0.9858},\n",
       " 25: {'neg': 0.136, 'neu': 0.745, 'pos': 0.119, 'compound': -0.8255},\n",
       " 26: {'neg': 0.224, 'neu': 0.647, 'pos': 0.129, 'compound': -0.9961},\n",
       " 27: {'neg': 0.099, 'neu': 0.805, 'pos': 0.095, 'compound': -0.0772},\n",
       " 28: {'neg': 0.092, 'neu': 0.742, 'pos': 0.166, 'compound': 0.9201},\n",
       " 29: {'neg': 0.0, 'neu': 1.0, 'pos': 0.0, 'compound': 0.0},\n",
       " 30: {'neg': 0.02, 'neu': 0.812, 'pos': 0.168, 'compound': 0.9403},\n",
       " 31: {'neg': 0.259, 'neu': 0.658, 'pos': 0.082, 'compound': -0.9325},\n",
       " 32: {'neg': 0.279, 'neu': 0.678, 'pos': 0.042, 'compound': -0.9958},\n",
       " 33: {'neg': 0.091, 'neu': 0.748, 'pos': 0.161, 'compound': 0.9517},\n",
       " 34: {'neg': 0.338, 'neu': 0.593, 'pos': 0.069, 'compound': -0.9941},\n",
       " 35: {'neg': 0.091, 'neu': 0.762, 'pos': 0.148, 'compound': 0.9797},\n",
       " 36: {'neg': 0.25, 'neu': 0.494, 'pos': 0.255, 'compound': 0.2644},\n",
       " 37: {'neg': 0.155, 'neu': 0.612, 'pos': 0.233, 'compound': 0.8241},\n",
       " 38: {'neg': 0.057, 'neu': 0.824, 'pos': 0.119, 'compound': 0.9493},\n",
       " 39: {'neg': 0.058, 'neu': 0.821, 'pos': 0.121, 'compound': 0.9828},\n",
       " 40: {'neg': 0.025, 'neu': 0.848, 'pos': 0.127, 'compound': 0.9883},\n",
       " 41: {'neg': 0.0, 'neu': 0.922, 'pos': 0.078, 'compound': 0.4019},\n",
       " 42: {'neg': 0.112, 'neu': 0.773, 'pos': 0.115, 'compound': -0.1027},\n",
       " 43: {'neg': 0.014, 'neu': 0.823, 'pos': 0.163, 'compound': 0.8625},\n",
       " 44: {'neg': 0.124, 'neu': 0.701, 'pos': 0.175, 'compound': 0.9709},\n",
       " 45: {'neg': 0.107, 'neu': 0.787, 'pos': 0.106, 'compound': 0.4215},\n",
       " 46: {'neg': 0.191, 'neu': 0.705, 'pos': 0.104, 'compound': -0.875},\n",
       " 47: {'neg': 0.0, 'neu': 0.748, 'pos': 0.252, 'compound': 0.9559},\n",
       " 48: {'neg': 0.191, 'neu': 0.733, 'pos': 0.076, 'compound': -0.9939},\n",
       " 49: {'neg': 0.112, 'neu': 0.745, 'pos': 0.143, 'compound': 0.9153},\n",
       " 50: {'neg': 0.04, 'neu': 0.771, 'pos': 0.19, 'compound': 0.9932},\n",
       " 51: {'neg': 0.054, 'neu': 0.764, 'pos': 0.182, 'compound': 0.9738},\n",
       " 52: {'neg': 0.118, 'neu': 0.748, 'pos': 0.134, 'compound': 0.0772},\n",
       " 53: {'neg': 0.042, 'neu': 0.77, 'pos': 0.188, 'compound': 0.9894},\n",
       " 54: {'neg': 0.243, 'neu': 0.673, 'pos': 0.084, 'compound': -0.9946},\n",
       " 55: {'neg': 0.073, 'neu': 0.653, 'pos': 0.274, 'compound': 0.9961},\n",
       " 56: {'neg': 0.09, 'neu': 0.703, 'pos': 0.207, 'compound': 0.9225},\n",
       " 57: {'neg': 0.144, 'neu': 0.856, 'pos': 0.0, 'compound': -0.6908},\n",
       " 58: {'neg': 0.124, 'neu': 0.729, 'pos': 0.147, 'compound': 0.6808},\n",
       " 59: {'neg': 0.164, 'neu': 0.676, 'pos': 0.161, 'compound': -0.296},\n",
       " 60: {'neg': 0.0, 'neu': 0.877, 'pos': 0.123, 'compound': 0.6369},\n",
       " 61: {'neg': 0.112, 'neu': 0.679, 'pos': 0.209, 'compound': 0.9899},\n",
       " 62: {'neg': 0.123, 'neu': 0.575, 'pos': 0.302, 'compound': 0.9968},\n",
       " 63: {'neg': 0.209, 'neu': 0.712, 'pos': 0.08, 'compound': -0.9935},\n",
       " 64: {'neg': 0.078, 'neu': 0.714, 'pos': 0.208, 'compound': 0.9824},\n",
       " 65: {'neg': 0.233, 'neu': 0.695, 'pos': 0.072, 'compound': -0.9981},\n",
       " 66: {'neg': 0.0, 'neu': 0.883, 'pos': 0.117, 'compound': 0.7579},\n",
       " 67: {'neg': 0.175, 'neu': 0.684, 'pos': 0.141, 'compound': -0.9478},\n",
       " 68: {'neg': 0.092, 'neu': 0.68, 'pos': 0.227, 'compound': 0.9786},\n",
       " 69: {'neg': 0.25, 'neu': 0.65, 'pos': 0.1, 'compound': -0.9821},\n",
       " 70: {'neg': 0.042, 'neu': 0.859, 'pos': 0.1, 'compound': 0.9153},\n",
       " 71: {'neg': 0.134, 'neu': 0.714, 'pos': 0.152, 'compound': -0.1027},\n",
       " 72: {'neg': 0.065, 'neu': 0.724, 'pos': 0.211, 'compound': 0.9643},\n",
       " 73: {'neg': 0.039, 'neu': 0.84, 'pos': 0.121, 'compound': 0.9552},\n",
       " 74: {'neg': 0.092, 'neu': 0.729, 'pos': 0.179, 'compound': 0.9825},\n",
       " 75: {'neg': 0.159, 'neu': 0.492, 'pos': 0.348, 'compound': 0.6124},\n",
       " 76: {'neg': 0.158, 'neu': 0.752, 'pos': 0.09, 'compound': -0.9451},\n",
       " 77: {'neg': 0.14, 'neu': 0.773, 'pos': 0.087, 'compound': -0.4588},\n",
       " 78: {'neg': 0.157, 'neu': 0.741, 'pos': 0.102, 'compound': -0.936},\n",
       " 79: {'neg': 0.347, 'neu': 0.653, 'pos': 0.0, 'compound': -0.9552},\n",
       " 80: {'neg': 0.155, 'neu': 0.684, 'pos': 0.161, 'compound': -0.6808},\n",
       " 81: {'neg': 0.14, 'neu': 0.682, 'pos': 0.178, 'compound': 0.651},\n",
       " 82: {'neg': 0.124, 'neu': 0.744, 'pos': 0.132, 'compound': 0.5267},\n",
       " 83: {'neg': 0.103, 'neu': 0.737, 'pos': 0.159, 'compound': 0.9538},\n",
       " 84: {'neg': 0.151, 'neu': 0.773, 'pos': 0.076, 'compound': -0.9432},\n",
       " 85: {'neg': 0.31, 'neu': 0.58, 'pos': 0.11, 'compound': -0.9823},\n",
       " 86: {'neg': 0.055, 'neu': 0.851, 'pos': 0.094, 'compound': 0.7906},\n",
       " 87: {'neg': 0.152, 'neu': 0.703, 'pos': 0.144, 'compound': -0.3111},\n",
       " 88: {'neg': 0.141, 'neu': 0.734, 'pos': 0.125, 'compound': -0.296},\n",
       " 89: {'neg': 0.153, 'neu': 0.762, 'pos': 0.085, 'compound': -0.5267},\n",
       " 90: {'neg': 0.059, 'neu': 0.852, 'pos': 0.088, 'compound': 0.4344},\n",
       " 91: {'neg': 0.19, 'neu': 0.697, 'pos': 0.112, 'compound': -0.9767},\n",
       " 92: {'neg': 0.047, 'neu': 0.777, 'pos': 0.176, 'compound': 0.9837},\n",
       " 93: {'neg': 0.113, 'neu': 0.821, 'pos': 0.066, 'compound': -0.875},\n",
       " 94: {'neg': 0.131, 'neu': 0.805, 'pos': 0.063, 'compound': -0.93},\n",
       " 95: {'neg': 0.103, 'neu': 0.846, 'pos': 0.051, 'compound': -0.9042},\n",
       " 96: {'neg': 0.233, 'neu': 0.767, 'pos': 0.0, 'compound': -0.9517},\n",
       " 97: {'neg': 0.018, 'neu': 0.873, 'pos': 0.109, 'compound': 0.9578},\n",
       " 98: {'neg': 0.062, 'neu': 0.832, 'pos': 0.106, 'compound': 0.6597},\n",
       " 99: {'neg': 0.149, 'neu': 0.851, 'pos': 0.0, 'compound': -0.886},\n",
       " 100: {'neg': 0.0, 'neu': 1.0, 'pos': 0.0, 'compound': 0.0},\n",
       " 101: {'neg': 0.135, 'neu': 0.663, 'pos': 0.203, 'compound': 0.8455},\n",
       " 102: {'neg': 0.073, 'neu': 0.757, 'pos': 0.17, 'compound': 0.997},\n",
       " 103: {'neg': 0.163, 'neu': 0.712, 'pos': 0.125, 'compound': -0.8957},\n",
       " 104: {'neg': 0.1, 'neu': 0.813, 'pos': 0.087, 'compound': -0.6705},\n",
       " 105: {'neg': 0.127, 'neu': 0.724, 'pos': 0.148, 'compound': 0.945},\n",
       " 106: {'neg': 0.066, 'neu': 0.857, 'pos': 0.077, 'compound': 0.5423},\n",
       " 107: {'neg': 0.046, 'neu': 0.831, 'pos': 0.123, 'compound': 0.6124},\n",
       " 108: {'neg': 0.199, 'neu': 0.758, 'pos': 0.043, 'compound': -0.9924},\n",
       " 109: {'neg': 0.131, 'neu': 0.716, 'pos': 0.153, 'compound': -0.25},\n",
       " 110: {'neg': 0.135, 'neu': 0.726, 'pos': 0.139, 'compound': 0.0772},\n",
       " 111: {'neg': 0.115, 'neu': 0.684, 'pos': 0.201, 'compound': 0.9768},\n",
       " 112: {'neg': 0.083, 'neu': 0.757, 'pos': 0.161, 'compound': 0.9908},\n",
       " 113: {'neg': 0.047, 'neu': 0.953, 'pos': 0.0, 'compound': -0.4973},\n",
       " 114: {'neg': 0.17, 'neu': 0.763, 'pos': 0.067, 'compound': -0.875},\n",
       " 115: {'neg': 0.021, 'neu': 0.933, 'pos': 0.046, 'compound': 0.4019},\n",
       " 116: {'neg': 0.053, 'neu': 0.794, 'pos': 0.153, 'compound': 0.7506},\n",
       " 117: {'neg': 0.222, 'neu': 0.632, 'pos': 0.146, 'compound': -0.9741},\n",
       " 118: {'neg': 0.07, 'neu': 0.794, 'pos': 0.137, 'compound': 0.9886},\n",
       " 119: {'neg': 0.227, 'neu': 0.564, 'pos': 0.209, 'compound': -0.6293},\n",
       " 120: {'neg': 0.084, 'neu': 0.709, 'pos': 0.206, 'compound': 0.9896},\n",
       " 121: {'neg': 0.097, 'neu': 0.807, 'pos': 0.096, 'compound': -0.7772},\n",
       " 122: {'neg': 0.113, 'neu': 0.652, 'pos': 0.235, 'compound': 0.9736},\n",
       " 123: {'neg': 0.241, 'neu': 0.731, 'pos': 0.028, 'compound': -0.9077},\n",
       " 124: {'neg': 0.117, 'neu': 0.701, 'pos': 0.182, 'compound': 0.9413},\n",
       " 125: {'neg': 0.147, 'neu': 0.776, 'pos': 0.077, 'compound': -0.9618},\n",
       " 126: {'neg': 0.112, 'neu': 0.656, 'pos': 0.232, 'compound': 0.9821},\n",
       " 127: {'neg': 0.107, 'neu': 0.749, 'pos': 0.143, 'compound': 0.8591},\n",
       " 128: {'neg': 0.023, 'neu': 0.8, 'pos': 0.177, 'compound': 0.9601},\n",
       " 129: {'neg': 0.192, 'neu': 0.686, 'pos': 0.122, 'compound': -0.9856},\n",
       " 130: {'neg': 0.123, 'neu': 0.78, 'pos': 0.096, 'compound': -0.9042},\n",
       " 131: {'neg': 0.15, 'neu': 0.69, 'pos': 0.16, 'compound': 0.5267},\n",
       " 132: {'neg': 0.11, 'neu': 0.813, 'pos': 0.076, 'compound': -0.5267},\n",
       " 133: {'neg': 0.167, 'neu': 0.73, 'pos': 0.103, 'compound': -0.9864},\n",
       " 134: {'neg': 0.124, 'neu': 0.737, 'pos': 0.138, 'compound': 0.7579},\n",
       " 135: {'neg': 0.112, 'neu': 0.726, 'pos': 0.162, 'compound': 0.9702},\n",
       " 136: {'neg': 0.217, 'neu': 0.507, 'pos': 0.275, 'compound': 0.2023},\n",
       " 137: {'neg': 0.364, 'neu': 0.547, 'pos': 0.09, 'compound': -0.9873},\n",
       " 138: {'neg': 0.139, 'neu': 0.717, 'pos': 0.144, 'compound': -0.1611},\n",
       " 139: {'neg': 0.056, 'neu': 0.755, 'pos': 0.189, 'compound': 0.9948},\n",
       " 140: {'neg': 0.132, 'neu': 0.76, 'pos': 0.107, 'compound': -0.9393},\n",
       " 141: {'neg': 0.103, 'neu': 0.73, 'pos': 0.167, 'compound': 0.975},\n",
       " 142: {'neg': 0.197, 'neu': 0.695, 'pos': 0.109, 'compound': -0.9871},\n",
       " 143: {'neg': 0.116, 'neu': 0.789, 'pos': 0.096, 'compound': -0.836},\n",
       " 144: {'neg': 0.0, 'neu': 1.0, 'pos': 0.0, 'compound': 0.0},\n",
       " 145: {'neg': 0.224, 'neu': 0.6, 'pos': 0.176, 'compound': -0.8934},\n",
       " 146: {'neg': 0.088, 'neu': 0.681, 'pos': 0.232, 'compound': 0.997},\n",
       " 147: {'neg': 0.145, 'neu': 0.778, 'pos': 0.078, 'compound': -0.9813},\n",
       " 148: {'neg': 0.194, 'neu': 0.689, 'pos': 0.117, 'compound': -0.981},\n",
       " 149: {'neg': 0.067, 'neu': 0.758, 'pos': 0.175, 'compound': 0.9682},\n",
       " 150: {'neg': 0.109, 'neu': 0.87, 'pos': 0.021, 'compound': -0.872},\n",
       " 151: {'neg': 0.166, 'neu': 0.749, 'pos': 0.085, 'compound': -0.987},\n",
       " 152: {'neg': 0.159, 'neu': 0.738, 'pos': 0.103, 'compound': -0.9666},\n",
       " 153: {'neg': 0.099, 'neu': 0.813, 'pos': 0.089, 'compound': -0.4588},\n",
       " 154: {'neg': 0.061, 'neu': 0.784, 'pos': 0.155, 'compound': 0.9908},\n",
       " 155: {'neg': 0.295, 'neu': 0.522, 'pos': 0.183, 'compound': -0.9501},\n",
       " 156: {'neg': 0.085, 'neu': 0.865, 'pos': 0.05, 'compound': -0.7845},\n",
       " 157: {'neg': 0.037, 'neu': 0.896, 'pos': 0.067, 'compound': 0.6378},\n",
       " 158: {'neg': 0.227, 'neu': 0.681, 'pos': 0.091, 'compound': -0.9919},\n",
       " 159: {'neg': 0.127, 'neu': 0.641, 'pos': 0.232, 'compound': 0.9952},\n",
       " 160: {'neg': 0.035, 'neu': 0.783, 'pos': 0.182, 'compound': 0.9485},\n",
       " 161: {'neg': 0.148, 'neu': 0.78, 'pos': 0.071, 'compound': -0.9744},\n",
       " 162: {'neg': 0.069, 'neu': 0.838, 'pos': 0.093, 'compound': 0.5106},\n",
       " 163: {'neg': 0.055, 'neu': 0.823, 'pos': 0.122, 'compound': 0.8402},\n",
       " 164: {'neg': 0.05, 'neu': 0.848, 'pos': 0.102, 'compound': 0.5106},\n",
       " 165: {'neg': 0.105, 'neu': 0.713, 'pos': 0.182, 'compound': 0.9732},\n",
       " 166: {'neg': 0.133, 'neu': 0.765, 'pos': 0.102, 'compound': -0.5106},\n",
       " 167: {'neg': 0.155, 'neu': 0.767, 'pos': 0.078, 'compound': -0.9872},\n",
       " 168: {'neg': 0.116, 'neu': 0.705, 'pos': 0.179, 'compound': 0.8004},\n",
       " 169: {'neg': 0.121, 'neu': 0.733, 'pos': 0.145, 'compound': 0.8474},\n",
       " 170: {'neg': 0.136, 'neu': 0.707, 'pos': 0.157, 'compound': -0.1531},\n",
       " 171: {'neg': 0.0, 'neu': 0.728, 'pos': 0.272, 'compound': 0.9661},\n",
       " 172: {'neg': 0.129, 'neu': 0.697, 'pos': 0.173, 'compound': 0.765},\n",
       " 173: {'neg': 0.066, 'neu': 0.833, 'pos': 0.102, 'compound': 0.9517},\n",
       " 174: {'neg': 0.103, 'neu': 0.817, 'pos': 0.08, 'compound': -0.8371},\n",
       " 175: {'neg': 0.0, 'neu': 0.914, 'pos': 0.086, 'compound': 0.5106},\n",
       " 176: {'neg': 0.208, 'neu': 0.646, 'pos': 0.146, 'compound': -0.9812},\n",
       " 177: {'neg': 0.145, 'neu': 0.761, 'pos': 0.093, 'compound': -0.9544},\n",
       " 178: {'neg': 0.276, 'neu': 0.566, 'pos': 0.159, 'compound': -0.9878},\n",
       " 179: {'neg': 0.037, 'neu': 0.851, 'pos': 0.112, 'compound': 0.8779},\n",
       " 180: {'neg': 0.042, 'neu': 0.774, 'pos': 0.184, 'compound': 0.9746},\n",
       " 181: {'neg': 0.126, 'neu': 0.709, 'pos': 0.165, 'compound': 0.25},\n",
       " 182: {'neg': 0.032, 'neu': 0.863, 'pos': 0.105, 'compound': 0.875},\n",
       " 183: {'neg': 0.124, 'neu': 0.787, 'pos': 0.09, 'compound': -0.8689},\n",
       " 184: {'neg': 0.105, 'neu': 0.762, 'pos': 0.133, 'compound': 0.9349},\n",
       " 185: {'neg': 0.161, 'neu': 0.798, 'pos': 0.041, 'compound': -0.9245},\n",
       " 186: {'neg': 0.075, 'neu': 0.752, 'pos': 0.173, 'compound': 0.9747},\n",
       " 187: {'neg': 0.043, 'neu': 0.791, 'pos': 0.167, 'compound': 0.9863},\n",
       " 188: {'neg': 0.062, 'neu': 0.814, 'pos': 0.124, 'compound': 0.9201},\n",
       " 189: {'neg': 0.124, 'neu': 0.668, 'pos': 0.208, 'compound': 0.9465},\n",
       " 190: {'neg': 0.046, 'neu': 0.74, 'pos': 0.214, 'compound': 0.9741},\n",
       " 191: {'neg': 0.173, 'neu': 0.601, 'pos': 0.226, 'compound': 0.9314},\n",
       " 192: {'neg': 0.124, 'neu': 0.823, 'pos': 0.053, 'compound': -0.9217},\n",
       " 193: {'neg': 0.18, 'neu': 0.634, 'pos': 0.186, 'compound': -0.0},\n",
       " 194: {'neg': 0.062, 'neu': 0.778, 'pos': 0.161, 'compound': 0.9823},\n",
       " 195: {'neg': 0.151, 'neu': 0.642, 'pos': 0.206, 'compound': 0.2023},\n",
       " 196: {'neg': 0.085, 'neu': 0.853, 'pos': 0.062, 'compound': -0.1531},\n",
       " 197: {'neg': 0.232, 'neu': 0.712, 'pos': 0.057, 'compound': -0.9818},\n",
       " 198: {'neg': 0.068, 'neu': 0.838, 'pos': 0.094, 'compound': 0.7003},\n",
       " 199: {'neg': 0.059, 'neu': 0.857, 'pos': 0.084, 'compound': 0.34},\n",
       " 200: {'neg': 0.0, 'neu': 0.878, 'pos': 0.122, 'compound': 0.7579},\n",
       " 201: {'neg': 0.053, 'neu': 0.863, 'pos': 0.084, 'compound': 0.7579},\n",
       " 202: {'neg': 0.155, 'neu': 0.683, 'pos': 0.162, 'compound': -0.1043},\n",
       " 203: {'neg': 0.067, 'neu': 0.833, 'pos': 0.1, 'compound': 0.7838},\n",
       " 204: {'neg': 0.228, 'neu': 0.68, 'pos': 0.092, 'compound': -0.9972},\n",
       " 205: {'neg': 0.08, 'neu': 0.855, 'pos': 0.066, 'compound': -0.34},\n",
       " 206: {'neg': 0.127, 'neu': 0.641, 'pos': 0.232, 'compound': 0.9952},\n",
       " 207: {'neg': 0.292, 'neu': 0.531, 'pos': 0.177, 'compound': -0.9919},\n",
       " 208: {'neg': 0.09, 'neu': 0.672, 'pos': 0.238, 'compound': 0.9977},\n",
       " 209: {'neg': 0.48, 'neu': 0.443, 'pos': 0.076, 'compound': -0.9992},\n",
       " 210: {'neg': 0.189, 'neu': 0.726, 'pos': 0.086, 'compound': -0.9931},\n",
       " 211: {'neg': 0.137, 'neu': 0.737, 'pos': 0.126, 'compound': -0.1027},\n",
       " 212: {'neg': 0.129, 'neu': 0.699, 'pos': 0.172, 'compound': 0.9407},\n",
       " 213: {'neg': 0.072, 'neu': 0.838, 'pos': 0.09, 'compound': 0.5267},\n",
       " 214: {'neg': 0.126, 'neu': 0.696, 'pos': 0.178, 'compound': 0.8779},\n",
       " 215: {'neg': 0.174, 'neu': 0.826, 'pos': 0.0, 'compound': -0.8658},\n",
       " 216: {'neg': 0.113, 'neu': 0.725, 'pos': 0.162, 'compound': 0.9274},\n",
       " 217: {'neg': 0.12, 'neu': 0.715, 'pos': 0.165, 'compound': 0.8625},\n",
       " 218: {'neg': 0.053, 'neu': 0.82, 'pos': 0.126, 'compound': 0.988},\n",
       " 219: {'neg': 0.08, 'neu': 0.813, 'pos': 0.107, 'compound': 0.6908},\n",
       " 220: {'neg': 0.106, 'neu': 0.71, 'pos': 0.184, 'compound': 0.9042},\n",
       " 221: {'neg': 0.206, 'neu': 0.709, 'pos': 0.085, 'compound': -0.9517},\n",
       " 222: {'neg': 0.034, 'neu': 0.81, 'pos': 0.156, 'compound': 0.9951},\n",
       " 223: {'neg': 0.069, 'neu': 0.814, 'pos': 0.117, 'compound': 0.9169},\n",
       " 224: {'neg': 0.116, 'neu': 0.805, 'pos': 0.079, 'compound': -0.9559},\n",
       " 225: {'neg': 0.095, 'neu': 0.736, 'pos': 0.169, 'compound': 0.9946},\n",
       " 226: {'neg': 0.13, 'neu': 0.805, 'pos': 0.066, 'compound': -0.982},\n",
       " 227: {'neg': 0.126, 'neu': 0.695, 'pos': 0.179, 'compound': 0.8921},\n",
       " 228: {'neg': 0.156, 'neu': 0.676, 'pos': 0.167, 'compound': 0.1298},\n",
       " 229: {'neg': 0.123, 'neu': 0.623, 'pos': 0.253, 'compound': 0.9166},\n",
       " 230: {'neg': 0.047, 'neu': 0.79, 'pos': 0.163, 'compound': 0.8268},\n",
       " 231: {'neg': 0.084, 'neu': 0.776, 'pos': 0.14, 'compound': 0.9315},\n",
       " 232: {'neg': 0.166, 'neu': 0.7, 'pos': 0.134, 'compound': -0.5859},\n",
       " 233: {'neg': 0.023, 'neu': 0.864, 'pos': 0.113, 'compound': 0.9735},\n",
       " 234: {'neg': 0.199, 'neu': 0.712, 'pos': 0.089, 'compound': -0.9695},\n",
       " 235: {'neg': 0.0, 'neu': 0.938, 'pos': 0.062, 'compound': 0.9595},\n",
       " 236: {'neg': 0.183, 'neu': 0.74, 'pos': 0.077, 'compound': -0.9982},\n",
       " 237: {'neg': 0.0, 'neu': 0.949, 'pos': 0.051, 'compound': 0.2263},\n",
       " 238: {'neg': 0.009, 'neu': 0.939, 'pos': 0.052, 'compound': 0.9661},\n",
       " 239: {'neg': 0.052, 'neu': 0.837, 'pos': 0.111, 'compound': 0.802},\n",
       " 240: {'neg': 0.111, 'neu': 0.772, 'pos': 0.117, 'compound': 0.0258},\n",
       " 241: {'neg': 0.0, 'neu': 0.846, 'pos': 0.154, 'compound': 0.743},\n",
       " 242: {'neg': 0.285, 'neu': 0.661, 'pos': 0.055, 'compound': -0.9973},\n",
       " 243: {'neg': 0.275, 'neu': 0.601, 'pos': 0.124, 'compound': -0.9939},\n",
       " 244: {'neg': 0.14, 'neu': 0.758, 'pos': 0.103, 'compound': -0.9393},\n",
       " 245: {'neg': 0.067, 'neu': 0.836, 'pos': 0.096, 'compound': 0.5423},\n",
       " 246: {'neg': 0.114, 'neu': 0.657, 'pos': 0.228, 'compound': 0.9747},\n",
       " 247: {'neg': 0.0, 'neu': 0.842, 'pos': 0.158, 'compound': 0.8979},\n",
       " 248: {'neg': 0.098, 'neu': 0.728, 'pos': 0.174, 'compound': 0.9571},\n",
       " 249: {'neg': 0.089, 'neu': 0.864, 'pos': 0.047, 'compound': -0.9081},\n",
       " 250: {'neg': 0.079, 'neu': 0.805, 'pos': 0.116, 'compound': 0.802},\n",
       " 251: {'neg': 0.556, 'neu': 0.444, 'pos': 0.0, 'compound': -0.6705},\n",
       " 252: {'neg': 0.17, 'neu': 0.771, 'pos': 0.059, 'compound': -0.9886},\n",
       " 253: {'neg': 0.187, 'neu': 0.746, 'pos': 0.067, 'compound': -0.9666},\n",
       " 254: {'neg': 0.018, 'neu': 0.83, 'pos': 0.152, 'compound': 0.986},\n",
       " 255: {'neg': 0.052, 'neu': 0.837, 'pos': 0.11, 'compound': 0.6249},\n",
       " 256: {'neg': 0.14, 'neu': 0.735, 'pos': 0.125, 'compound': -0.6808},\n",
       " 257: {'neg': 0.187, 'neu': 0.787, 'pos': 0.025, 'compound': -0.9274},\n",
       " 258: {'neg': 0.277, 'neu': 0.62, 'pos': 0.103, 'compound': -0.9971},\n",
       " 259: {'neg': 0.047, 'neu': 0.774, 'pos': 0.18, 'compound': 0.886},\n",
       " 260: {'neg': 0.106, 'neu': 0.725, 'pos': 0.169, 'compound': 0.8074},\n",
       " 261: {'neg': 0.069, 'neu': 0.78, 'pos': 0.151, 'compound': 0.9517},\n",
       " 262: {'neg': 0.39, 'neu': 0.595, 'pos': 0.015, 'compound': -0.9971},\n",
       " 263: {'neg': 0.085, 'neu': 0.783, 'pos': 0.132, 'compound': 0.891},\n",
       " 264: {'neg': 0.179, 'neu': 0.76, 'pos': 0.061, 'compound': -0.9382},\n",
       " 265: {'neg': 0.191, 'neu': 0.637, 'pos': 0.171, 'compound': -0.5106},\n",
       " 266: {'neg': 0.133, 'neu': 0.725, 'pos': 0.141, 'compound': -0.1818},\n",
       " 267: {'neg': 0.14, 'neu': 0.697, 'pos': 0.163, 'compound': 0.6249},\n",
       " 268: {'neg': 0.279, 'neu': 0.67, 'pos': 0.052, 'compound': -0.9936},\n",
       " 269: {'neg': 0.217, 'neu': 0.664, 'pos': 0.118, 'compound': -0.9877},\n",
       " 270: {'neg': 0.192, 'neu': 0.732, 'pos': 0.076, 'compound': -0.9969},\n",
       " 271: {'neg': 0.038, 'neu': 0.704, 'pos': 0.258, 'compound': 0.9944},\n",
       " 272: {'neg': 0.139, 'neu': 0.692, 'pos': 0.169, 'compound': 0.9216},\n",
       " 273: {'neg': 0.192, 'neu': 0.731, 'pos': 0.077, 'compound': -0.9754},\n",
       " 274: {'neg': 0.127, 'neu': 0.77, 'pos': 0.103, 'compound': -0.6238},\n",
       " 275: {'neg': 0.132, 'neu': 0.752, 'pos': 0.116, 'compound': -0.8126},\n",
       " 276: {'neg': 0.045, 'neu': 0.762, 'pos': 0.193, 'compound': 0.7184},\n",
       " 277: {'neg': 0.223, 'neu': 0.702, 'pos': 0.076, 'compound': -0.8658},\n",
       " 278: {'neg': 0.137, 'neu': 0.748, 'pos': 0.115, 'compound': -0.836},\n",
       " 279: {'neg': 0.118, 'neu': 0.732, 'pos': 0.15, 'compound': 0.3182},\n",
       " 280: {'neg': 0.342, 'neu': 0.658, 'pos': 0.0, 'compound': -0.3818},\n",
       " 281: {'neg': 0.0, 'neu': 0.794, 'pos': 0.206, 'compound': 0.9001},\n",
       " 282: {'neg': 0.206, 'neu': 0.672, 'pos': 0.122, 'compound': -0.9832},\n",
       " 283: {'neg': 0.0, 'neu': 0.922, 'pos': 0.078, 'compound': 0.6249},\n",
       " 284: {'neg': 0.18, 'neu': 0.785, 'pos': 0.035, 'compound': -0.9917},\n",
       " 285: {'neg': 0.376, 'neu': 0.563, 'pos': 0.061, 'compound': -0.9878},\n",
       " 286: {'neg': 0.051, 'neu': 0.832, 'pos': 0.117, 'compound': 0.9854},\n",
       " 287: {'neg': 0.123, 'neu': 0.812, 'pos': 0.065, 'compound': -0.813},\n",
       " 288: {'neg': 0.028, 'neu': 0.889, 'pos': 0.082, 'compound': 0.7579},\n",
       " 289: {'neg': 0.274, 'neu': 0.649, 'pos': 0.077, 'compound': -0.9628},\n",
       " 290: {'neg': 0.154, 'neu': 0.834, 'pos': 0.012, 'compound': -0.9628},\n",
       " 291: {'neg': 0.286, 'neu': 0.599, 'pos': 0.114, 'compound': -0.9995},\n",
       " 292: {'neg': 0.182, 'neu': 0.699, 'pos': 0.119, 'compound': -0.2263},\n",
       " 293: {'neg': 0.069, 'neu': 0.823, 'pos': 0.108, 'compound': 0.949},\n",
       " 294: {'neg': 0.097, 'neu': 0.735, 'pos': 0.168, 'compound': 0.9136},\n",
       " 295: {'neg': 0.102, 'neu': 0.805, 'pos': 0.094, 'compound': -0.4767},\n",
       " 296: {'neg': 0.26, 'neu': 0.705, 'pos': 0.035, 'compound': -0.9552},\n",
       " 297: {'neg': 0.0, 'neu': 0.877, 'pos': 0.123, 'compound': 0.9783},\n",
       " 298: {'neg': 0.023, 'neu': 0.897, 'pos': 0.08, 'compound': 0.915},\n",
       " 299: {'neg': 0.135, 'neu': 0.721, 'pos': 0.144, 'compound': -0.6378},\n",
       " 300: {'neg': 0.225, 'neu': 0.687, 'pos': 0.088, 'compound': -0.991},\n",
       " 301: {'neg': 0.032, 'neu': 0.847, 'pos': 0.121, 'compound': 0.9803},\n",
       " 302: {'neg': 0.202, 'neu': 0.798, 'pos': 0.0, 'compound': -0.872},\n",
       " 303: {'neg': 0.0, 'neu': 0.895, 'pos': 0.105, 'compound': 0.6908},\n",
       " 304: {'neg': 0.394, 'neu': 0.606, 'pos': 0.0, 'compound': -0.7579},\n",
       " 305: {'neg': 0.243, 'neu': 0.672, 'pos': 0.085, 'compound': -0.9928},\n",
       " 306: {'neg': 0.287, 'neu': 0.643, 'pos': 0.071, 'compound': -0.9951},\n",
       " 307: {'neg': 0.084, 'neu': 0.835, 'pos': 0.081, 'compound': 0.2732},\n",
       " 308: {'neg': 0.201, 'neu': 0.696, 'pos': 0.102, 'compound': -0.9918},\n",
       " 309: {'neg': 0.149, 'neu': 0.66, 'pos': 0.19, 'compound': 0.9349},\n",
       " 310: {'neg': 0.045, 'neu': 0.955, 'pos': 0.0, 'compound': -0.1027},\n",
       " 311: {'neg': 0.0, 'neu': 0.956, 'pos': 0.044, 'compound': 0.8402},\n",
       " 312: {'neg': 0.025, 'neu': 0.841, 'pos': 0.134, 'compound': 0.9485},\n",
       " 313: {'neg': 0.052, 'neu': 0.751, 'pos': 0.197, 'compound': 0.9885},\n",
       " 314: {'neg': 0.444, 'neu': 0.556, 'pos': 0.0, 'compound': -0.6808},\n",
       " 315: {'neg': 0.153, 'neu': 0.784, 'pos': 0.063, 'compound': -0.9393},\n",
       " 316: {'neg': 0.018, 'neu': 0.766, 'pos': 0.216, 'compound': 0.9898},\n",
       " 317: {'neg': 0.176, 'neu': 0.637, 'pos': 0.187, 'compound': 0.1027},\n",
       " 318: {'neg': 0.195, 'neu': 0.746, 'pos': 0.06, 'compound': -0.9969},\n",
       " 319: {'neg': 0.215, 'neu': 0.686, 'pos': 0.099, 'compound': -0.9928},\n",
       " 320: {'neg': 0.175, 'neu': 0.669, 'pos': 0.156, 'compound': -0.2756},\n",
       " 321: {'neg': 0.062, 'neu': 0.938, 'pos': 0.0, 'compound': -0.5423},\n",
       " 322: {'neg': 0.254, 'neu': 0.695, 'pos': 0.051, 'compound': -0.8225},\n",
       " 323: {'neg': 0.075, 'neu': 0.693, 'pos': 0.232, 'compound': 0.994},\n",
       " 324: {'neg': 0.227, 'neu': 0.568, 'pos': 0.205, 'compound': -0.944},\n",
       " 325: {'neg': 0.084, 'neu': 0.759, 'pos': 0.157, 'compound': 0.9879},\n",
       " 326: {'neg': 0.184, 'neu': 0.73, 'pos': 0.085, 'compound': -0.9694},\n",
       " 327: {'neg': 0.108, 'neu': 0.747, 'pos': 0.145, 'compound': 0.6908},\n",
       " 328: {'neg': 0.092, 'neu': 0.685, 'pos': 0.222, 'compound': 0.9899},\n",
       " 329: {'neg': 0.094, 'neu': 0.762, 'pos': 0.144, 'compound': 0.9653},\n",
